[Variables]
ercf_calib_0 = 1.0
ercf_calib_1 = 0.999742535749
ercf_calib_10 = 1.0
ercf_calib_11 = 1.0
ercf_calib_2 = 1.00354094964
ercf_calib_3 = 1.00583388403
ercf_calib_4 = 1.00506840923
ercf_calib_5 = 1.00049991646
ercf_calib_6 = 1.0
ercf_calib_7 = 1.0
ercf_calib_8 = 1.0
ercf_calib_9 = 1.0
ercf_calib_ref = 1090.364

